№ Дата Сумма платежа Платеж по основному долгу Платеж по процентам Остаток долга
1 07.10.2020
25 115,16 3 279,09 21 836,07 3 696 720,91
12.10.2020
500 000,00 i 496 363,88 3 636,12 3 200 357,03
2 07.11.2020
21 740,78 5 371,74 16 369,04 3 194 985,29
3 07.12.2020
21 740,78 2 885,13 18 855,65 3 192 100,16
4 07.01.2021
21 740,78 2 262,16 19 478,62 3 189 838,00
07.01.2021
60 000,00 i 60 000,00 0,00 3 129 838,00
5 07.02.2021
21 312,75 2 173,58 19 139,17 3 127 664,42
... Нажмите, чтобы показать все строки
354 07.03.2050
21 312,75 20 527,78 784,97 121 592,68
355 07.04.2050
21 312,75 20 569,20 743,55 101 023,48
356 07.05.2050
21 312,75 20 714,91 597,84 80 308,57
357 07.06.2050
21 312,75 20 821,66 491,09 59 486,91
358 07.07.2050
21 312,75 20 960,72 352,03 38 526,19
359 07.08.2050
21 312,75 21 077,16 235,59 17 449,03
360 07.09.2050
17 555,73 17 449,03 106,70 0,00
8 233 919,48
(Выплачено всего)
3 700 000,00
(Сумма выплаченного долга)
4 533 919,48
(Сумма выплаченных процентов)